0 0.7920138888888889 0.09375 0.08556712962962969 0.1859375
0 0.7700925925925926 0.5125 0.12491898148148159 0.7328125
0 0.6959606481481482 0.04375 0.05596064814814809 0.0859375
0 0.6414814814814814 0.4796875 0.09972222222222235 0.825
0 0.6036805555555556 0.0375 0.04642361111111111 0.075
0 0.5385185185185185 0.490625 0.1183796296296297 0.81875
0 0.4139583333333333 0.5203125 0.0880208333333334 0.7734375
0 0.29530092592592594 0.5265625 0.10353009259259256 0.765625
0 0.280613425925926 0.0625 0.0659143518518519 0.125
0 0.1813252314814815 0.0578125 0.028275462962962995 0.115625
0 0.18648148148148147 0.5640625 0.033946759259259274 0.709375