0 0.7908796296296297 0.096875 0.08386574074074069 0.19375
0 0.7533333333333333 0.5203125 0.13577546296296283 0.7328125
0 0.7001736111111111 0.046875 0.05746527777777786 0.09375
0 0.6262268518518519 0.4859375 0.11194444444444436 0.825
0 0.6089525462962964 0.040625 0.04771990740740737 0.08125
0 0.5227314814814814 0.4984375 0.13050925925925938 0.81875
0 0.3968518518518519 0.528125 0.0994791666666667 0.7734375
0 0.2779166666666667 0.534375 0.11487268518518512 0.765625
0 0.28477430555555555 0.065625 0.06795138888888888 0.13125
0 0.18096064814814813 0.0625 0.03651620370370372 0.125
0 0.16430555555555557 0.571875 0.050706018518518546 0.709375