0 0.048443287037037035 0.62734375 0.09688657407407407 0.4140625
0 0.08923611111111111 0.609375 0.07309027777777777 0.375
0 0.17054398148148148 0.6015625 0.09574074074074072 0.4796875
0 0.2576851851851852 0.65 0.04008101851851853 0.3484375
0 0.33435185185185184 0.6359375 0.062291666666666676 0.39375
0 0.4 0.6328125 0.06923611111111114 0.4875
0 0.49064814814814817 0.6296875 0.07677083333333332 0.45
0 0.6265625 0.6328125 0.05180555555555557 0.4546875
0 0.6812152777777778 0.6375 0.05818287037037031 0.471875
0 0.7593981481481482 0.6296875 0.06581018518518515 0.446875
0 0.8128472222222222 0.5859375 0.05275462962962969 0.5828125
0 0.8872453703703703 0.6671875 0.06377314814814809 0.3828125
0 0.9630439814814814 0.66484375 0.06712962962962976 0.4140625