0 0.9514930555555555 0.615625 0.097013888888889 0.4
0 0.9148611111111112 0.5984375 0.07677083333333315 0.3609375
0 0.8365625 0.590625 0.09934027777777779 0.4625
0 0.7531944444444445 0.6359375 0.04340277777777786 0.3359375
0 0.6794444444444444 0.621875 0.06465277777777771 0.378125
0 0.6169097222222222 0.6203125 0.07295138888888886 0.4703125
0 0.5293402777777778 0.6171875 0.08152777777777782 0.434375
0 0.398125 0.61875 0.056597222222222146 0.4375
0 0.34513888888888894 0.625 0.06322916666666671 0.4546875
0 0.2699652777777778 0.6171875 0.07048611111111107 0.4296875
0 0.21746527777777777 0.575 0.05934027777777775 0.5609375
0 0.14732638888888888 0.653125 0.06756944444444443 0.36875
0 0.07385416666666667 0.6515625 0.0713888888888889 0.4