0 0.8525 0.309375 0.2833333333333332 0.09375
0 0.8620486111111111 0.23125 0.267326388888889 0.0765625
0 0.8371875 0.50625 0.3033333333333331 0.0796875
0 0.8335243055555555 0.60078125 0.3078819444444445 0.0734375
0 0.8296527777777778 0.7046875 0.3095833333333335 0.0796875
0 0.8595312500000001 0.41484375 0.2638541666666665 0.0609375
0 0.4615972222222222 0.74375 0.33309027777777783 0.0828125
0 0.4178472222222222 0.18125 0.3552083333333334 0.0234375
0 0.4165277777777778 0.521875 0.33784722222222213 0.0859375
0 0.4190625 0.4078125 0.32843750000000005 0.084375
0 0.4125 0.28125 0.3344444444444445 0.0734375
0 0.1220138888888889 0.2796875 0.2440277777777778 0.0921875
0 0.10556423611111113 0.371875 0.21112847222222225 0.0578125
0 0.10306423611111111 0.459375 0.20612847222222222 0.0640625
0 0.07859374999999999 0.54375 0.15718749999999998 0.046875
0 0.07732638888888889 0.6375 0.15465277777777778 0.0765625