0 0.8540277777777778 0.3109375 0.2802083333333332 0.09375
0 0.86359375 0.23203125 0.264201388888889 0.0765625
0 0.8387847222222222 0.5046875 0.3017708333333335 0.0796875
0 0.8335069444444445 0.6015625 0.3063194444444445 0.0734375
0 0.83125 0.703125 0.3080208333333335 0.0796875
0 0.859513888888889 0.415625 0.26385416666666683 0.0609375
0 0.4647569444444445 0.7421875 0.3315277777777778 0.0828125
0 0.4209722222222222 0.18125 0.35368055555555566 0.025
0 0.41968750000000005 0.5203125 0.33625000000000005 0.084375
0 0.4221875 0.4078125 0.3268750000000001 0.084375
0 0.415625 0.28125 0.3328819444444445 0.0734375
0 0.12394965277777778 0.28125 0.24789930555555556 0.0921875
0 0.10712673611111112 0.371875 0.21425347222222224 0.0578125
0 0.10579861111111111 0.459375 0.21159722222222221 0.0640625
0 0.08095486111111111 0.5421875 0.16190972222222222 0.046875
0 0.079296875 0.6359375 0.15859375 0.0765625