0 0.1421875 0.3140625 0.2796875 0.0921875
0 0.1328125 0.2375 0.265625 0.075
0 0.1515625 0.50625 0.3015625 0.0796875
0 0.153125 0.6015625 0.30625 0.071875
0 0.1546875 0.7015625 0.309375 0.0796875
0 0.1328125 0.41875 0.2640625 0.059375
0 0.51875 0.740625 0.3265625 0.08125
0 0.5734375 0.1828125 0.3484375 0.0296875
0 0.5671875 0.521875 0.33125 0.084375
0 0.56875 0.409375 0.321875 0.0828125
0 0.5765625 0.2859375 0.3265625 0.071875
0 0.871875 0.284375 0.2546875 0.090625
0 0.8875 0.375 0.225 0.05625
0 0.8875 0.4609375 0.221875 0.0640625
0 0.9109375 0.54375 0.175 0.0453125
0 0.9125 0.6359375 0.175 0.075