0 0.21086805555555554 0.740625 0.11303240740740739 0.334375
0 0.3235763888888889 0.4171875 0.11398148148148142 0.2609375
0 0.37312500000000004 0.16875 0.0885532407407407 0.19375
0 0.37309027777777776 0.75 0.09640046296296294 0.353125
0 0.4279861111111112 0.4265625 0.1108564814814816 0.2609375
0 0.4636111111111111 0.1734375 0.09186342592592603 0.2
0 0.5421412037037037 0.4234375 0.11876157407407409 0.2640625
0 0.5293402777777778 0.75 0.09616898148148145 0.3453125
0 0.5604398148148148 0.175 0.08887731481481467 0.2046875
0 0.6689814814814815 0.4140625 0.10938657407407408 0.2640625
0 0.6790046296296296 0.18125 0.08878472222222218 0.2015625
0 0.6762615740740741 0.7484375 0.09327546296296294 0.353125