0 0.2320949074074074 0.7296875 0.10241898148148146 0.3265625
0 0.3344328703703704 0.4140625 0.10501157407407406 0.2546875
0 0.37840277777777775 0.1734375 0.08108796296296292 0.1890625
0 0.39140046296296294 0.7390625 0.08535879629629636 0.34375
0 0.4374884259259259 0.4234375 0.10188657407407416 0.2546875
0 0.46587962962962964 0.1765625 0.08424768518518526 0.19375
0 0.5500115740740741 0.4203125 0.10972222222222214 0.2578125
0 0.542974537037037 0.7375 0.08686342592592596 0.3359375
0 0.5611805555555556 0.178125 0.0827314814814816 0.2
0 0.6719560185185186 0.4109375 0.10033564814814824 0.25625
0 0.6767592592592593 0.184375 0.08270833333333343 0.196875
0 0.6867245370370371 0.7375 0.08379629629629637 0.34375